01/17/2009 13:39:07  :5A 01 00 00 00 02 00 00 00 01 02 00 00 FF FF 00 00 FF FF FF FF FF FF FF FF 02 00 00 00 4F 70 65 6E 44 65 76 50 61 72 6D 5F 74 00 00 00 00 00 00 00 00 00 00 00 00 00 00 00 00 00 00 00 00 00 00 00 00 00 00 00 00 00 00 00 00 00 00 00 00 00 00 00 00 00 00 00 00 00 00 00 00 00 00 00 0D 00 00 00 00 00 00 00 00 00 00 00 
01/17/2009 13:39:07  :A5 01 00 00 00 02 00 00 00 01 02 00 00 FF FF 00 00 00 00 00 00 00 00 00 00 38 00 00 00 04 00 01 00 00 00 00 00 01 00 00 00 00 00 00 00 00 00 00 00 00 00 00 00 00 00 00 00 
01/17/2009 13:39:12  :5A 01 00 00 00 02 00 00 00 01 02 02 00 FF FF 00 00 FF FF FF FF FF FF FF FF 02 00 00 00 4F 70 65 6E 44 65 76 50 61 72 6D 5F 74 00 00 00 00 00 00 00 00 00 00 00 00 00 00 00 00 00 00 00 00 00 00 00 00 00 00 00 00 00 00 00 00 00 00 00 00 00 00 00 00 00 00 00 00 00 00 00 00 00 00 00 0D 00 00 00 00 00 00 00 00 00 00 00 
01/17/2009 13:39:13  :A5 01 00 00 00 02 00 00 00 01 02 02 00 FF FF 00 00 00 00 00 00 01 00 00 00 38 00 00 00 04 00 01 00 00 00 00 00 01 00 00 00 00 00 00 00 00 00 00 00 00 00 00 00 00 00 00 00 
01/17/2009 13:39:13  :5A 01 00 00 00 02 00 00 00 01 02 03 00 FF FF 00 00 FF FF FF FF FF FF FF FF 02 00 00 00 4F 70 65 6E 44 65 76 50 61 72 6D 5F 74 00 00 00 00 00 00 00 00 00 00 00 00 00 00 00 00 00 00 00 00 00 00 00 00 00 00 00 00 00 00 00 00 00 00 00 00 00 00 00 00 00 00 00 00 00 00 00 00 00 00 00 0D 00 00 00 00 00 00 00 00 00 00 00 
01/17/2009 13:39:13  :A5 01 00 00 00 02 00 00 00 01 02 03 00 FF FF 00 00 00 00 00 00 02 00 00 00 38 00 00 00 04 00 01 00 00 00 00 00 01 00 00 00 00 00 00 00 00 00 00 00 00 00 00 00 00 00 00 00 
01/17/2009 13:39:14  :5A 01 00 00 00 02 00 00 00 01 02 04 00 FF FF 00 00 FF FF FF FF FF FF FF FF 02 00 00 00 4F 70 65 6E 44 65 76 50 61 72 6D 5F 74 00 00 00 00 00 00 00 00 00 00 00 00 00 00 00 00 00 00 00 00 00 00 00 00 00 00 00 00 00 00 00 00 00 00 00 00 00 00 00 00 00 00 00 00 00 00 00 00 00 00 00 0D 00 00 00 00 00 00 00 00 00 00 00 
01/17/2009 13:39:14  :A5 01 00 00 00 02 00 00 00 01 02 04 00 FF FF 00 00 00 00 00 00 03 00 00 00 38 00 00 00 04 00 01 00 00 00 00 00 01 00 00 00 00 00 00 00 00 00 00 00 00 00 00 00 00 00 00 00 
01/17/2009 13:39:15  :5A 01 00 00 00 02 00 00 00 01 02 08 00 FF FF 00 00 FF FF FF FF FF FF FF FF 02 00 00 00 4F 70 65 6E 44 65 76 50 61 72 6D 5F 74 00 00 00 00 00 00 00 00 00 00 00 00 00 00 00 00 00 00 00 00 00 00 00 00 00 00 00 00 00 00 00 00 00 00 00 00 00 00 00 00 00 00 00 00 00 00 00 00 00 00 00 0D 00 00 00 00 00 00 00 00 00 00 00 
01/17/2009 13:39:15  :A5 01 00 00 00 02 00 00 00 01 02 08 00 FF FF 00 00 00 00 00 00 04 00 00 00 38 00 00 00 04 00 01 00 00 00 00 00 01 00 00 00 00 00 00 00 00 00 00 00 00 00 00 00 00 00 00 00 
01/17/2009 13:39:15  :5A 01 00 00 00 02 00 00 00 01 02 0A 00 FF FF 00 00 FF FF FF FF FF FF FF FF 02 00 00 00 4F 70 65 6E 44 65 76 50 61 72 6D 5F 74 00 00 00 00 00 00 00 00 00 00 00 00 00 00 00 00 00 00 00 00 00 00 00 00 00 00 00 00 00 00 00 00 00 00 00 00 00 00 00 00 00 00 00 00 00 00 00 00 00 00 00 0D 00 00 00 00 00 00 00 00 00 00 00 
01/17/2009 13:39:15  :A5 01 00 00 00 02 00 00 00 01 02 0A 00 FF FF 00 00 00 00 00 00 05 00 00 00 38 00 00 00 04 00 01 00 00 00 00 00 01 00 00 00 00 00 00 00 00 00 00 00 00 00 00 00 00 00 00 00 
01/17/2009 13:39:16  :5A 01 00 00 00 02 00 00 00 01 02 0D 00 FF FF 00 00 FF FF FF FF FF FF FF FF 02 00 00 00 4F 70 65 6E 44 65 76 50 61 72 6D 5F 74 00 00 00 00 00 00 00 00 00 00 00 00 00 00 00 00 00 00 00 00 00 00 00 00 00 00 00 00 00 00 00 00 00 00 00 00 00 00 00 00 00 00 00 00 00 00 00 00 00 00 00 0D 00 00 00 00 00 00 00 00 00 00 00 
01/17/2009 13:39:16  :A5 01 00 00 00 02 00 00 00 01 02 0D 00 FF FF 00 00 00 00 00 00 06 00 00 00 38 00 00 00 04 00 01 00 00 00 00 00 01 00 00 00 00 00 00 00 00 00 00 00 00 00 00 00 00 00 00 00 
01/17/2009 13:39:18  :5A 01 00 00 00 02 00 00 00 01 02 0F 00 FF FF 00 00 FF FF FF FF FF FF FF FF 02 00 00 00 4F 70 65 6E 44 65 76 50 61 72 6D 5F 74 00 00 00 00 00 00 00 00 00 00 00 00 00 00 00 00 00 00 00 00 00 00 00 00 00 00 00 00 00 00 00 00 00 00 00 00 00 00 00 00 00 00 00 00 00 00 00 00 00 00 00 0D 00 00 00 00 00 00 00 00 00 00 00 
01/17/2009 13:39:18  :A5 01 00 00 00 02 00 00 00 01 02 0F 00 FF FF 00 00 00 00 00 00 07 00 00 00 38 00 00 00 04 00 01 00 00 00 00 00 01 00 00 00 00 00 00 00 00 00 00 00 00 00 00 00 00 00 00 00 
01/17/2009 13:39:19  :5A 01 00 00 00 02 00 00 00 01 02 15 00 FF FF 00 00 FF FF FF FF FF FF FF FF 02 00 00 00 4F 70 65 6E 44 65 76 50 61 72 6D 5F 74 00 00 00 00 00 00 00 00 00 00 00 00 00 00 00 00 00 00 00 00 00 00 00 00 00 00 00 00 00 00 00 00 00 00 00 00 00 00 00 00 00 00 00 00 00 00 00 00 00 00 00 0D 00 00 00 00 00 00 00 00 00 00 00 
01/17/2009 13:39:19  :A5 01 00 00 00 02 00 00 00 01 02 15 00 FF FF 00 00 00 00 00 00 08 00 00 00 38 00 00 00 04 00 01 00 00 00 00 00 01 00 00 00 00 00 00 00 00 00 00 00 00 00 00 00 00 00 00 00 
01/17/2009 13:39:20  :5A 01 00 00 00 02 00 00 00 01 02 12 00 FF FF 00 00 FF FF FF FF FF FF FF FF 02 00 00 00 4F 70 65 6E 44 65 76 50 61 72 6D 5F 74 00 00 00 00 00 00 00 00 00 00 00 00 00 00 00 00 00 00 00 00 00 00 00 00 00 00 00 00 00 00 00 00 00 00 00 00 00 00 00 00 00 00 00 00 00 00 00 00 00 00 00 0D 00 00 00 00 00 00 00 00 00 00 00 
01/17/2009 13:39:20  :A5 01 00 00 00 02 00 00 00 01 02 12 00 FF FF 00 00 00 00 00 00 09 00 00 00 38 00 00 00 04 00 01 00 00 00 00 00 01 00 00 00 00 00 00 00 00 00 00 00 00 00 00 00 00 00 00 00 
01/17/2009 13:39:22  :5A 01 00 00 00 02 00 00 00 02 02 10 00 FF FF 00 00 FF FF FF FF FF FF FF FF 02 00 00 00 4F 70 65 6E 44 65 76 50 61 72 6D 5F 74 00 00 00 00 00 00 00 00 00 00 00 00 00 00 00 00 00 00 00 00 00 00 00 00 00 00 00 00 00 00 00 00 00 00 00 00 00 00 00 00 00 00 00 00 00 00 00 00 00 00 00 0D 00 00 00 00 00 00 00 00 00 00 00 
01/17/2009 13:39:22  :A5 01 00 00 00 02 00 00 00 02 02 10 00 FF FF 00 00 00 00 00 00 0A 00 00 00 38 00 00 00 04 00 01 00 00 00 00 00 01 00 00 00 00 00 00 00 00 00 00 00 00 00 00 00 00 00 00 00 
01/17/2009 13:39:23  :5A 01 00 00 00 02 00 00 00 02 02 1A 00 FF FF 00 00 FF FF FF FF FF FF FF FF 02 00 00 00 4F 70 65 6E 44 65 76 50 61 72 6D 5F 74 00 00 00 00 00 00 00 00 00 00 00 00 00 00 00 00 00 00 00 00 00 00 00 00 00 00 00 00 00 00 00 00 00 00 00 00 00 00 00 00 00 00 00 00 00 00 00 00 00 00 00 0D 00 00 00 00 00 00 00 00 00 00 00 
01/17/2009 13:39:23  :A5 01 00 00 00 02 00 00 00 02 02 1A 00 FF FF 00 00 00 00 00 00 0B 00 00 00 38 00 00 00 04 00 01 00 00 00 00 00 01 00 00 00 00 00 00 00 00 00 00 00 00 00 00 00 00 00 00 00 
01/17/2009 13:39:23  :5A 01 00 00 00 02 00 00 00 02 02 1F 00 FF FF 00 00 FF FF FF FF FF FF FF FF 02 00 00 00 4F 70 65 6E 44 65 76 50 61 72 6D 5F 74 00 00 00 00 00 00 00 00 00 00 00 00 00 00 00 00 00 00 00 00 00 00 00 00 00 00 00 00 00 00 00 00 00 00 00 00 00 00 00 00 00 00 00 00 00 00 00 00 00 00 00 0D 00 00 00 00 00 00 00 00 00 00 00 
01/17/2009 13:39:23  :A5 01 00 00 00 02 00 00 00 02 02 1F 00 FF FF 00 00 00 00 00 00 0C 00 00 00 38 00 00 00 04 00 01 00 00 00 00 00 01 00 00 00 00 00 00 00 00 00 00 00 00 00 00 00 00 00 00 00 
